Country              1953        1960        1961        1962        1963        1964        1965        1966        1967       *1968
WORLD |.235 100 | 346.600 | 351 200 | 360 200 | 386 600 | 437 900 | 458 900 | 475 500 | 493 300 | 528 700
Algeria...........00.f eee J     31      30       6      10      20      23      21      23      28
Argentina 7.........66.     174      277      442      644      913    1 267    1346    1266     1328     1552
Australia.............[ 2076      3753      3947      4238      4653      5047 | 5459      5.890      6266      6 502
Austria.....ccncc.....) 1283    3163    3101    2970    2947    3194    3221    3.193    3.023    3467
Belgium..............] 4497] 7188    7 010    7 362    7 529    8731    9 169    8917    9716 | 11573
Brazil#...............J 1016    2260    2 443    2565    2824    3016    2-983    3782    3696    4436
Bulgaria... .........4.        18       253 |. 340       A23       461       475       588       699     1239     1461
Canada..............f 3734    5270    5 886    6 507    7427    8281] - 9134    9 090    8794 | 10207
Chile 2... eae       313        422        363        495        489        544        441        540        596        526
China (mainland).......) 1774 | 18450      9500 | 10000 | 12000 | *14000 | #15 000 | * 16 000 | § 11 000 | *t5000
China (Taiwan)........) 0 eee        vee          174       171        183       177       207       221       228       242
Colombia........6.6.. 2       157     181     194     200     200 | 24204     174     207     199
Czechoslovakia........] 4366      6768      7 043      7 639      7 600      8 377      8 599      9124] 10002] 10555
Denmark.............       180 | | 317        323        367        359        396        412        405        401        457
Finland.........00...        147        254        277'| 304        308        357        342        313        394        695
France...............] 9997] 17281] 17570| 17240] 17557] 19780] 19604] 19585] 19655] 20410
Germany, Eastern......) 2 573      3750      3867) 4048      4051       4264      4313      4.485      4592      4695
Germany, Fed. Rep. of..| 18103 | 34100] 33458| 32563] 31597] 37339] 36821 | 35316) 36744| 41159
Greece.......2..4.--     41      65      65      65 | “76     167     239     205    8210    see
Hungary.............) 1543      1 887      2053      2333      2374      2365      2 520      2649      2739      2.903
India,...............) 1531    3286    4084    5149 | 215885    6033    6412    6 607    6 383    6 447
Ireland 5........sc0e0e] eee       40     28      19      20     53      66     54      65      67
Israel .........ceeef       40     62     80     83     83     84     84   see      vee
Italy.................) 3 500    8 229    9124    9757 | 10157    9793 | 12681 | 13639] 15890] 16964
Japan,.........:...., 7662 | 22138] 28268] 27546| 31501) 39799] 41161 | 47784] 62154] 66893
—                                                   ——ae
Korea, North ®.........       4      641      776    1050    1022    1132 | *1 230] *1300] *1450| *1750
Korea, Rep. of ?........          1          50         66        149        160        129        192        216        320        365
Luxembourg..........] 2659    4084    4113    4010    4032    4559    4585    4390    4481    4834
Mexico...............) 7462 | 11500    1725    1851    1974    2280    2399    2750    3060    3285
Netherlands...........       867      1942      1971      2 087      2342      2 646      3138      3.256      3 402      3707
Norway......- cesses        WW         490         499         488         542         614         676        730         795         824
Pakistan 2......6- 60008     1      12      12      u      12      12      13     513     590 | §*100
Peru. .cceeeeeeeeeee Po       60     76     73     73     75     81     61     62     84
Poland...............[ 3604    6 681    7 234    7 684    8004    8 573    9 088    9850] 10454] 11007
Portugal.............] 0 ee     aoe       68     175     222     250     274     271     316     313
Romania.............    717    1 806    2126    2451    2704    3039    3426 | | 3670    4088    4751
South Africal.........f 1298      2113      2475      2 634      2 834      3107 | 13293      3243      3 663      4002
Southern Rhodesia ®....       “29        86        92        88        84       128       130       130      vee         aes
Spain................    897   1919   2340   2311    2492   3150   3516   3 847   4512   4940
‘Sweden..............] 1782   3218    3562   3611    3901 | *4510   4712   4720   4855   5061
Switzerland ®..........        157         275         297         318         322         345         347         428         445         453
Thalland...........+.   see       7     7     7     3     4     6     6   vee     see
Tunisia..... 2.52.80   _     _     _     _     _     _     _       25     45     69
Turkey........202...-     163     266     282     242     331      405     581      842     996    1109
Uganda..........6...f     -     _     _     _     _     _       19     20   wee
USSR........-....5.-) 38128 | 65294 | 70756 | 76307 | 80231 | 85038] 91021 | 96907 | 102 224 | 106 538
Ukrainian SSR ......] (13 738)| (26155)) {28085)] (30577)| (32 630)| (34 631)| (36 980)] (40 474)| (42 809)| (44 238)
Byelorussian SSR.....] (...)        (120)      (128)      {137}      {143)      (159)      (164)      (162)      {179)      (185)
United Arab Republic...]}...          136       156       188       194       177       179       195      see         see
United Kingdom.......] 17891 | 24695 | 22440 | 20820] 22882 | *26651 | 27439] 24705| 24278 | 26277
United States ®........]:101 250} 90067] 88917] 89202 | 99120] 115281 | 119 260 | 121 654 | 115 406 | 119 260
Uruguay...2..222222.) eee       10      9      9    _7     14     13     10     14      8
Venezuela............) 0 eee              47           75         225         364         441          625         537         690         860
Yugoslavia..........     515    1442    1 532    1595    1588} 1677| 1769    1867 | °1832| 1997
